[0, 0, 0, 0, 0, 0, 0, 0, 0, 0, 0, 0, 0, 0, 0, 0, 0, 0, 0, 0, 0, 0, 0, 0, 0, 0, 0, 0, 0, 0, 0, 0, 0, 0, 0, 0, 0, 0, 0, 0]
[0, 0, 0, 0, 0, 0, 0, 0, 0, 0, 0, 0, 0, 0, 0, 0, 0, 0, 0, 0, 0, 0, 0, 0, 0, 0, 0, 0, 0, 0, 0, 0, 0, 0, 0, 0, 0, 0, 0.11722599999999872]
[0, 0, 0, 0, 0, 0, 0, 0, 0, 0, 0, 0, 0, 0, 0, 0, 0, 0, 0, 0, 0, 0, 0, 0, 0, 0, 0, 0, 0, 0, 0, 0, 0, 0, 0, 0, 0.11722599999999872, 0.21305110000000005]
[0, 0, 0, 0, 0, 0, 0, 0, 0, 0, 0, 0, 0, 0, 0, 0, 0, 0, 0, 0, 0, 0, 0, 0, 0, 0, 0, 0, 0, 0, 0, 0, 0, 0, 0.11722599999999872, 0.21305110000000005, 0.27470130000000004]
[0, 0, 0, 0, 0, 0, 0, 0, 0, 0, 0, 0, 0, 0, 0, 0, 0, 0, 0, 0, 0, 0, 0, 0, 0, 0, 0, 0, 0, 0, 0, 0, 0.11722599999999872, 0.21305110000000005, 0.27470130000000004, 0.28421200000000013]
[0, 0, 0, 0, 0, 0, 0, 0, 0, 0, 0, 0, 0, 0, 0, 0, 0, 0, 0, 0, 0, 0, 0, 0, 0, 0, 0, 0, 0, 0, 0.11722599999999872, 0.21305110000000005, 0.27470130000000004, 0.28421200000000013, 0.3359253000000004]
[0, 0, 0, 0, 0, 0, 0, 0, 0, 0, 0, 0, 0, 0, 0, 0, 0, 0, 0, 0, 0, 0, 0, 0, 0, 0, 0, 0, 0.11722599999999872, 0.21305110000000005, 0.27470130000000004, 0.28421200000000013, 0.3359253000000004, 0.35644779999999976]
[0, 0, 0, 0, 0, 0, 0, 0, 0, 0, 0, 0, 0, 0, 0, 0, 0, 0, 0, 0, 0, 0, 0, 0, 0, 0, 0, 0.11722599999999872, 0.21305110000000005, 0.27470130000000004, 0.28421200000000013, 0.3359253000000004, 0.44943389999999983]
[0, 0, 0, 0, 0, 0, 0, 0, 0, 0, 0, 0, 0, 0, 0, 0, 0, 0, 0, 0, 0, 0, 0, 0, 0, 0.11722599999999872, 0.21305110000000005, 0.27470130000000004, 0.28421200000000013, 0.3359253000000004, 0.44943389999999983, 0.4383090000000003]
[0, 0, 0, 0, 0, 0, 0, 0, 0, 0, 0, 0, 0, 0, 0, 0, 0, 0, 0, 0, 0, 0, 0, 0.11722599999999872, 0.21305110000000005, 0.27470130000000004, 0.28421200000000013, 0.3359253000000004, 0.44943389999999983, 0.4383090000000003, 0.46841710000000125]
[0, 0, 0, 0, 0, 0, 0, 0, 0, 0, 0, 0, 0, 0, 0, 0, 0, 0, 0, 0, 0, 0.11722599999999872, 0.21305110000000005, 0.27470130000000004, 0.28421200000000013, 0.3359253000000004, 0.44943389999999983, 0.4383090000000003, 0.46841710000000125, 0.5123345999999995]
[0, 0, 0, 0, 0, 0, 0, 0, 0, 0, 0, 0, 0, 0, 0, 0, 0, 0, 0, 0, 0.11722599999999872, 0.27470130000000004, 0.28421200000000013, 0.3359253000000004, 0.44943389999999983, 0.4383090000000003, 0.46841710000000125, 0.5123345999999995, 0.6413448199999998]
[0, 0, 0, 0, 0, 0, 0, 0, 0, 0, 0, 0, 0, 0, 0, 0, 0, 0, 0, 0.11722599999999872, 0.27470130000000004, 0.28421200000000013, 0.44943389999999983, 0.4383090000000003, 0.46841710000000125, 0.5123345999999995, 0.6413448199999998, 0.8771942000000004]
[0, 0, 0, 0, 0, 0, 0, 0, 0, 0, 0, 0, 0, 0, 0, 0, 0, 0.11722599999999872, 0.27470130000000004, 0.28421200000000013, 0.44943389999999983, 0.4383090000000003, 0.46841710000000125, 0.5123345999999995, 0.6413448199999998, 0.8771942000000004, 0.72076077]
[0, 0, 0, 0, 0, 0, 0, 0, 0, 0, 0, 0, 0, 0, 0, 0.11722599999999872, 0.27470130000000004, 0.28421200000000013, 0.44943389999999983, 0.4383090000000003, 0.46841710000000125, 0.5123345999999995, 0.6413448199999998, 0.8771942000000004, 0.72076077, 0.7249730000000003]
[0, 0, 0, 0, 0, 0, 0, 0, 0, 0, 0, 0, 0, 0, 0, 0.27470130000000004, 0.44943389999999983, 0.4383090000000003, 0.46841710000000125, 0.5123345999999995, 0.6413448199999998, 0.8771942000000004, 0.72076077, 0.7249730000000003, 0.9136520000000026]
[0, 0, 0, 0, 0, 0, 0, 0, 0, 0, 0, 0, 0, 0.27470130000000004, 0.44943389999999983, 0.4383090000000003, 0.46841710000000125, 0.5123345999999995, 0.6413448199999998, 0.8771942000000004, 0.72076077, 0.7249730000000003, 0.9136520000000026, 0.80765045]
[0, 0, 0, 0, 0, 0, 0, 0, 0, 0, 0, 0, 0.27470130000000004, 0.44943389999999983, 0.4383090000000003, 0.46841710000000125, 0.5123345999999995, 0.8771942000000004, 0.72076077, 0.7249730000000003, 0.9136520000000026, 0.80765045, 1.1023175199999995]
[0, 0, 0, 0, 0, 0, 0, 0, 0, 0, 0, 0, 0.27470130000000004, 0.44943389999999983, 0.4383090000000003, 0.8771942000000004, 0.72076077, 0.7249730000000003, 0.9136520000000026, 0.80765045, 1.1023175199999995, 1.1388538000000006]
[0, 0, 0, 0, 0, 0, 0, 0, 0, 0, 0, 0, 0.27470130000000004, 0.8771942000000004, 0.72076077, 0.7249730000000003, 0.9136520000000026, 0.80765045, 1.1023175199999995, 1.1388538000000006, 1.3688266000000002]
[0, 0, 0, 0, 0, 0, 0, 0, 0, 0, 0.27470130000000004, 0.8771942000000004, 0.72076077, 0.7249730000000003, 0.9136520000000026, 0.80765045, 1.1023175199999995, 1.1388538000000006, 1.3688266000000002, 0.9717105000000004]
[0, 0, 0, 0, 0, 0, 0, 0, 0.27470130000000004, 0.8771942000000004, 0.72076077, 0.7249730000000003, 0.9136520000000026, 0.80765045, 1.1023175199999995, 1.1388538000000006, 1.3688266000000002, 0.9717105000000004, 0.9866681000000006]
[0, 0, 0, 0, 0, 0, 0, 0.27470130000000004, 0.8771942000000004, 0.7249730000000003, 0.9136520000000026, 0.80765045, 1.1023175199999995, 1.1388538000000006, 1.3688266000000002, 0.9717105000000004, 0.9866681000000006, 1.117587871]
[0, 0, 0, 0, 0, 0, 0, 0.7249730000000003, 0.9136520000000026, 0.80765045, 1.1023175199999995, 1.1388538000000006, 1.3688266000000002, 0.9717105000000004, 0.9866681000000006, 1.117587871, 1.6737654000000006]
[0, 0, 0, 0, 0, 0, 0.9136520000000026, 0.80765045, 1.1023175199999995, 1.1388538000000006, 1.3688266000000002, 0.9717105000000004, 0.9866681000000006, 1.117587871, 1.6737654000000006, 1.712131999999995]
[0, 0, 0, 0, 0, 0.9136520000000026, 1.1023175199999995, 1.1388538000000006, 1.3688266000000002, 0.9717105000000004, 0.9866681000000006, 1.117587871, 1.6737654000000006, 1.712131999999995, 1.69660551]
[0, 0, 0, 0.9136520000000026, 1.1023175199999995, 1.1388538000000006, 1.3688266000000002, 0.9717105000000004, 0.9866681000000006, 1.117587871, 1.6737654000000006, 1.712131999999995, 1.69660551, 1.4416310000000028]
[0, 0, 0, 0.9136520000000026, 1.1023175199999995, 1.1388538000000006, 0.9866681000000006, 1.117587871, 1.6737654000000006, 1.712131999999995, 1.69660551, 1.4416310000000028, 2.0916796000000004]
[0, 0, 0, 0.9136520000000026, 1.1388538000000006, 0.9866681000000006, 1.6737654000000006, 1.712131999999995, 1.69660551, 1.4416310000000028, 2.0916796000000004, 2.501726915]
[0, 0, 0, 0.9136520000000026, 1.6737654000000006, 1.712131999999995, 1.69660551, 1.4416310000000028, 2.0916796000000004, 2.501726915, 2.1577243000000004]
[0, 0, 0.9136520000000026, 1.6737654000000006, 1.69660551, 1.4416310000000028, 2.0916796000000004, 2.501726915, 2.1577243000000004, 2.3505360000000017]
[0, 0, 1.6737654000000006, 1.69660551, 2.0916796000000004, 2.501726915, 2.1577243000000004, 2.3505360000000017, 2.704352]
[0, 1.6737654000000006, 1.69660551, 2.501726915, 2.1577243000000004, 2.3505360000000017, 2.704352, 2.5830590999999994]
[0, 1.69660551, 2.501726915, 2.3505360000000017, 2.704352, 2.5830590999999994, 4.345032700000001]
[0, 2.3505360000000017, 2.704352, 2.5830590999999994, 4.345032700000001, 4.4373935]
[0, 2.5830590999999994, 4.345032700000001, 4.4373935, 5.612896999999995]
[0, 4.4373935, 5.612896999999995, 7.3468634]
[4.4373935, 5.612896999999995, 11.087032]
[5.612896999999995, 18.3995964]
[33.3717898]
